10 37.6219 127.099
1 -5.13718 -4.19387 14.2009 1.5 20 0.686275 0.686275 0.686275 Init 0
1 -5.13718 -4.19387 13.2725 1.5 1.6582 0.686275 0.686275 0.686275 Dest 1
1 -4.66326 -2.76219 13.2725 0 23.8577 0.686275 0.686275 0.686275 Dest 2
2 -4.82339 0.994558 11.8252 1.5 22.3758 0.686275 0.686275 0.686275 Init 0
2 -4.82339 0.994558 12.0306 1.5 2.14017 0.686275 0.686275 0.686275 Dest 1
2 -5.54493 1.28329 12.0306 0 24.345 0.686275 0.686275 0.686275 Dest 2
3 -3.17764 7.01479 8.26259 1.5 25.9384 0.686275 0.686275 0.686275 Init 0
3 -3.17764 7.01479 10.1014 1.5 1.05127 0.686275 0.686275 0.686275 Dest 1
3 -4.95006 5.14734 10.1014 0 23.1467 0.686275 0.686275 0.686275 Dest 2
4 0.0772394 -5.00795 11.6792 1.5 22.5217 0.686275 0.686275 0.686275 Init 0
4 0.0772394 -5.00795 12.1318 1.5 1.97546 0.686275 0.686275 0.686275 Dest 1
4 -0.837489 -4.87666 12.1318 0 24.247 0.686275 0.686275 0.686275 Dest 2
5 5.46182 -4.56923 8.47973 1.5 25.7212 0.686275 0.686275 0.686275 Init 0
5 5.46182 -4.56923 10.4325 1.5 0.975279 0.686275 0.686275 0.686275 Dest 1
5 3.37272 -6.4161 10.4325 0 23.0042 0.686275 0.686275 0.686275 Dest 2
6 1.30937 1.1098 8.36943 1.5 25.8315 0.686275 0.686275 0.686275 Init 0
6 1.30937 1.1098 8.91782 1.5 1.91156 0.686275 0.686275 0.686275 Dest 1
6 1.84168 -0.830598 8.91782 0 23.5217 0.686275 0.686275 0.686275 Dest 2
7 -2.48183 13.7827 5 1.5 29.2009 0.686275 0.686275 0.686275 Init 0
7 -2.48183 13.7827 7.78128 1.5 0.42297 0.686275 0.686275 0.686275 Dest 1
7 -2.18236 6.97484 7.78128 0 20.3201 0.686275 0.686275 0.686275 Dest 2
8 1.70736 7.29726 5.48273 1.5 28.7182 0.686275 0.686275 0.686275 Init 0
8 1.70736 7.29726 8.89847 1.5 7.94729e-08 0.686275 0.686275 0.686275 Dest 1
8 -0.562292 2.30056 8.89847 0 21.2044 0.686275 0.686275 0.686275 Dest 2
9 7.33158 0.710865 5.15139 1.5 29.0495 0.686275 0.686275 0.686275 Init 0
9 7.33158 0.710865 5.80833 1.5 1.8392 0.686275 0.686275 0.686275 Dest 1
9 3.85489 3.65302 5.80833 0 21.8268 0.686275 0.686275 0.686275 Dest 2
10 12.4457 -6.10749 5.30231 1.5 28.8986 0.686275 0.686275 0.686275 Init 0
10 12.4457 -6.10749 7.62673 1.5 0.727544 0.686275 0.686275 0.686275 Dest 1
10 5.86796 -2.9538 7.62673 0 20 0.686275 0.686275 0.686275 Dest 2
