% Drone path planning scenario format

% GENERATED BY FESTA 1912
% DATE: 2019-12-12 16:51(KTC)
% DISTANCE METRIC: METER
% VELOCITY METRIC: METER_PER_SEC


NUMBER_OF_DRONES 10
CONJUNCT_RADIUS 2
COLLISION_RADIUS 1


HOME_LATITUDE 37.123212
HOME_LONGITUDE 127.324512
HOME_ROTATION_ANGLE 30

NUMBER_OF_PLOTS 2


TAKEOFF_POSITION
% DRONE_ID X Y Z
1	0   0   0
2	0   5   0
3	0   10  0
4	0   15  0
5	0   20  0
6	5   0   0
7	5   5   0
8	5   10  0
9	5   15  0
10	5   20  0

PLOT LOITER
LOITER_TIME 3
SWITCHING_VELOCITY 3
-0.694353	6.562	    10.0100659
-4.42504	4.36963	    10.0256843
-7.10372	0.893219	10.0904629
-6.83984	-3.14278	10.0852707
-0.505307	-6.45389	10.0114997
5.9403      -3.42485	10.092509
3.32725	    4.47087	    10.0687647
7.13241	    1.57774	    10.0289612
1.78837	    -1.1474	    10.0773127
-2.15905	-1.18815	10.0813289

PLOT LOITER
LOITER_TIME 3
SWITCHING_VELOCITY 3
0.142051	8.09393	    10.0598181	
-3.7533	    3.89253	    10.0938556	
-7.48408	-2.21537	10.0346396	
3.99387	    3.68959	    10.0643462	
6.96323	    -1.82002	10.0250201	
-0.0684096	-2.0937	    10.0716914	
-12.3889	-7.9714	    10.0735735	
-4.69916	-7.12696	10.0719552	
3.9536	    -7.58713	10.00455862	
12.4751	    -7.38225	10.0379609	

LAND_POSITION
% DRONE_ID X Y Z
1   0.142051	8.09393	    0
2   -3.7533	    3.89253	    0
3   -7.48408	-2.21537	0
4   3.99387	    3.68959	    0
5   6.96323	    -1.82002	0
6   -0.0684096	-2.0937	    0
7   -12.3889	-7.9714	    0
8   -4.69916	-7.12696	0
9   3.9536	    -7.58713	0
10  12.4751	    -7.38225	0
