% Drone path planning scenario format

% GENERATED BY FESTA 1912
% DATE: 2019-12-12 16:51(KTC)
% DISTANCE METRIC: METER
% VELOCITY METRIC: METER_PER_SEC


NUMBER_OF_DRONES 10
CONJUNCT_RADIUS 1
COLLISION_RADIUS 0.5


HOME_LATITUDE 37.123212
HOME_LONGITUDE 127.324512
HOME_ROTATION_ANGLE 30

NUMBER_OF_PLOTS 2


TAKEOFF_POSITION
% DRONE_ID X Y Z
1	0   0   0
2	0   5   0
3	0   10  0
4	0   15  0
5	0   20  0
6	5   0   0
7	5   5   0
8	5   10  0
9	5   15  0
10	5   20  0


TAKEOFF
LOITER_TIME 0
TAKEOFF_VELOCITY 3
% DRONE_ID X Y Z
0   0   5.01
0   5   5.012
0   10  5.001
0   15  5.0101
0   20  5.00001
5   0   5.01211
5   5   5.01215
5   10  5.01511
5   15  5.01513
5   20  5.01541


PLOT LOITER
LOITER_TIME 3
SWITCHING_VELOCITY 3
-0.694353	5.6828587	10.00503295
-4.42504	3.784210585	10.01284215
-7.10372	0.773550345	10.04523145
-6.83984	-2.721727319	10.04263535
-0.505307	-5.589232693	10.00574985
5.9403	-2.966007104	10.0462545
3.32725	3.871886997	10.03438235
7.13241	1.366362921	10.0144806
1.78837	-0.993677548	10.03865635
-2.15905	-1.028968084	10.04066445


PLOT LOITER
LOITER_TIME 3
SWITCHING_VELOCITY 3
0.142051	7.009548996	10.02990905
-3.7533	3.371029865	10.0469278
-7.48408	-1.918566699	10.0173198
3.99387	3.19527867	10.0321731
6.96323	-1.576183555	10.01251005
-0.0684096	-1.813197388	10.0358457
-12.3889	-6.903434904	10.03678675
-4.69916	-6.172128412	10.0359776
3.9536	-6.570647322	10.00227931
12.4751	-6.393216037	10.01898045

LAND
LOITER_TIME 0
SWITCHING_VELOCITY 3
% DRONE_ID X Y Z
0.142051	7.009548996	10.02990905
-3.7533	3.371029865	10.0469278
-7.48408	-1.918566699	10.0173198
3.99387	3.19527867	10.0321731
6.96323	-1.576183555	10.01251005
-0.0684096	-1.813197388	10.0358457
-12.3889	-6.903434904	10.03678675
-4.69916	-6.172128412	10.0359776
3.9536	-6.570647322	10.00227931
12.4751	-6.393216037	10.01898045

LAND_POSITION
% DRONE_ID X Y Z
1   0.142051	8.09393	    0
2   -3.7533	    3.89253	    0
3   -7.48408	-2.21537	0
4   3.99387	    3.68959	    0
5   6.96323	    -1.82002	0
6   -0.0684096	-2.0937	    0
7   -12.3889	-7.9714	    0
8   -4.69916	-7.12696	0
9   3.9536	    -7.58713	0
10  12.4751	    -7.38225	0
